              precision    recall  f1-score   support

Class 00       0.87      0.96      0.91        50
Class 01       0.96      0.97      0.96       139
Class 02       0.92      0.83      0.88       102
Class 03       0.85      0.86      0.85        64
Class 04       0.61      0.91      0.73        96
Class 05       0.95      0.86      0.90       109
Class 06       0.89      0.89      0.89        75
Class 07       0.90      0.81      0.85        95
Class 08       0.95      0.96      0.96        82
Class 09       0.88      1.00      0.94       118
Class 10       0.90      0.78      0.84        59
Class 11       0.92      0.92      0.92        88
Class 12       0.92      0.91      0.91        87
Class 13       0.83      0.85      0.84        71
Class 14       0.70      0.86      0.77        50
Class 15       0.87      0.92      0.89        72
Class 16       0.88      0.88      0.88        51
Class 17       1.00      0.72      0.84        82
Class 18       0.76      0.82      0.79        50
Class 19       0.77      0.86      0.81        51
Class 20       0.75      0.92      0.83        52
Class 21       0.80      0.75      0.77        52
Class 22       0.98      0.71      0.82        56
Class 23       0.94      0.77      0.85        97
Class 24       0.63      0.73      0.68        55
Class 25       0.88      0.63      0.73        67
Class 26       0.79      0.73      0.76        52
Class 27       0.96      0.94      0.95        96
Class 28       0.83      0.98      0.90        50
Class 29       0.84      0.88      0.86        59
Class 30       0.86      0.68      0.76        53
Class 31       0.95      0.80      0.87        51
Class 32       0.89      0.95      0.92        80
Class 33       0.98      0.90      0.94        50
Class 34       0.78      0.84      0.81        61
Class 35       0.83      0.92      0.87        59
Class 36       0.97      0.67      0.79       102
Class 37       0.70      0.87      0.78        52
Class 38       0.72      0.95      0.82        59
Class 39       0.66      0.94      0.78        52
Class 40       0.86      0.83      0.84        52
Class 41       0.86      0.86      0.86        57
Class 42       0.75      0.86      0.80        50
Class 43       0.78      0.96      0.86        53
Class 44       0.92      0.82      0.87        56
Class 45       0.88      0.75      0.81       113
Class 46       0.67      0.93      0.78        68
Class 47       0.94      0.90      0.92        50
Class 48       0.89      0.88      0.88        88
Class 49       0.82      0.96      0.88        55
Class 50       0.88      0.87      0.88        69
Class 51       0.93      0.86      0.90        50
Class 52       0.93      0.91      0.92       118
Class 53       0.96      0.80      0.87        82
Class 54       0.96      0.88      0.92        85
Class 55       1.00      0.95      0.97        58
Class 56       1.00      0.77      0.87        79
Class 57       1.00      0.87      0.93        54
Class 58       0.72      0.82      0.77        50
Class 59       0.81      0.72      0.76        71
Class 60       0.81      0.82      0.82        97
Class 61       0.93      0.97      0.95       110
Class 62       0.82      0.94      0.88        86
Class 63       0.90      0.96      0.93        78
Class 64       0.88      0.86      0.87        50
Class 65       0.98      0.85      0.91       152
Class 66       0.77      0.94      0.85        54
Class 67       0.91      0.89      0.90        95
Class 68       0.74      0.83      0.78        72
Class 69       0.99      0.79      0.88        96
Class 70       0.84      0.75      0.80        85
Class 71       0.92      0.97      0.94        69
Class 72       0.87      0.92      0.90        51
Class 73       0.89      0.98      0.93        96
Class 74       0.82      0.94      0.88        49
Class 75       0.81      0.80      0.81        81
Class 76       0.95      0.88      0.92       119
Class 77       0.83      0.99      0.90        70
Class 78       0.81      0.67      0.74        83
Class 79       0.91      0.85      0.88        59
Class 80       0.86      0.94      0.90        52
Class 81       0.66      0.96      0.78        50
Class 82       0.79      0.48      0.60        64

avg / total       0.87      0.86      0.86      6022
